120702 0 25150 23435
120720 1 25159 23441
120800 2 25172 23447
120822 3 25181 23453
120866 4 25190 23459
120960 5 25203 23465
121054 6 25216 23471
121158 7 25265 23513
121260 8 25296 23537
121308 9 25309 23547
121338 10 25320 23555
121442 11 25371 23604
121838 12 25457 23668
122018 13 25522 23718
122104 14 25543 23726
122408 15 25622 23789
122610 16 25676 23836
122702 17 25693 23844
123440 18 25849 23960
123534 19 25867 23970
123624 20 25883 23984
123730 21 25932 24019
123836 22 25950 24029
124076 23 25998 24061
124136 24 26014 24074
124350 25 26064 24111
124434 26 26080 24124
124532 27 26101 24132
124750 28 26151 24179
124832 29 26172 24187
124914 30 26188 24200
124962 31 26215 24214
125038 32 26233 24224
125224 33 26287 24275
125314 34 26393 24374
125402 35 26420 24387
125452 36 26441 24406
125470 37 26650 24605
125486 38 26662 24613
125506 39 26674 24626
125592 40 26695 24634
125620 41 26707 24642
125674 42 26719 24655
125716 43 26744 24671
125792 44 26806 24730
125870 45 26827 24738
126132 46 26894 24798
126344 47 26940 24835
126430 48 26969 24860
126518 49 26981 24868
126602 50 26997 24881
126666 51 27065 24936
126694 52 27077 24950
126792 53 27099 24958
126890 54 27115 24972
126984 55 27152 24995
126992 56 27191 25030
127062 57 27207 25038
127168 58 27287 25102
127192 59 27305 25112
127216 60 27342 25141
127296 61 27358 25155
127304 62 27376 25163
127404 63 27392 25176
127462 64 27413 25184
127516 65 27440 25203
127622 66 27458 25213
127704 67 27474 25221
127784 68 27523 25262
127794 69 27546 25281
128122 70 27626 25346
128162 71 27653 25360
128224 72 27671 25370
128348 73 27716 25412
128354 74 27752 25439
128364 75 27774 25457
128432 76 27786 25465
128522 77 27802 25473
128600 78 27818 25487
128674 79 27858 25513
128778 80 27904 25561
128830 81 27926 25569
129000 83 28169 25808
129034 84 28191 25826
129112 85 28207 25834
129198 86 28223 25842
129268 87 28239 25850
129364 89 28300 25908
129406 90 28330 25934
129492 91 28361 25952
129572 92 28377 25965
129620 93 28394 25973
129720 94 28419 25995
129806 95 28512 26079
129816 96 28524 26087
129896 97 28536 26101
129904 98 28554 26114
130002 99 28596 26143
130112 100 28691 26230
130150 101 28705 26240
130194 102 28717 26253
130402 103 28775 26295
130454 105 28832 26343
130564 107 28886 26393
130746 108 28940 26441
130768 109 28990 26477
130862 110 29004 26483
130946 111 29018 26489
131310 113 29254 26697
131316 114 29288 26727
131352 115 29300 26741
131406 116 29322 26749
131468 117 29334 26757
131522 118 29350 26770
131604 119 29367 26778
131700 120 29379 26786
131796 121 29395 26794
131892 122 29411 26802
131992 123 29423 26810
132050 124 29446 26829
132134 125 29464 26839
132188 126 29480 26847
132272 127 29496 26855
132350 128 29512 26863
132426 129 29528 26871
137214 150 31617 28733
137224 191 31646 28758
137234 235 31675 28783
137244 276 31704 28808
138522 152 32040 29085
138586 151 32016 29095
138668 192 32068 29121
138746 193 32092 29131
138816 236 32120 29157
138860 237 32144 29167
138940 277 32172 29193
139002 278 32196 29203
139154 153 32251 29250
139192 154 32265 29266
139204 194 32300 29291
139264 195 32318 29307
139278 238 32354 29333
139360 239 32368 29349
139374 279 32404 29375
139414 280 32418 29391
139712 155 32522 29482
139754 196 32551 29507
139806 240 32580 29532
139862 281 32609 29557
140000 156 32673 29610
140006 197 32703 29636
140012 241 32733 29662
140018 282 32763 29688
140948 158 33079 29960
141002 159 33115 29982
141076 160 33133 29992
141146 161 33149 30000
141188 199 33171 30024
141236 200 33207 30046
141288 202 33225 30056
141352 201 33241 30070
141416 243 33269 30094
141490 244 33304 30115
141560 245 33322 30125
141620 246 33338 30139
141672 285 33366 30162
141720 286 33400 30183
141790 287 33418 30193
141836 288 33434 30201
142146 162 33589 30350
142212 203 33623 30380
142296 247 33657 30410
142374 289 33685 30434
142702 163 33783 30511
142764 164 33804 30519
142846 165 33831 30538
142926 166 33849 30548
142992 204 33875 30566
143044 205 33891 30574
143116 206 33918 30593
143202 207 33936 30603
143280 248 33962 30626
143352 249 33983 30634
143414 250 34005 30648
143494 251 34023 30658
143546 290 34049 30681
143606 291 34066 30689
143688 293 34093 30708
143766 294 34111 30718
144256 167 34237 30826
144330 208 34265 30850
144364 252 34293 30874
144410 295 34325 30898
144476 168 34400 30959
144522 169 34418 30969
144584 209 34455 30998
144620 210 34473 31008
144650 253 34510 31037
144688 254 34528 31047
144724 296 34565 31076
144782 297 34583 31086
144984 170 34644 31137
145026 211 34677 31166
145060 255 34710 31195
145102 298 34738 31219
145286 171 34822 31291
145294 212 34850 31315
145300 256 34878 31339
145306 299 34906 31362
145604 172 34997 31433
145616 213 35024 31451
145628 257 35046 31474
145640 300 35073 31498
146038 173 35189 31580
146090 214 35215 31603
146134 258 35246 31627
146178 301 35278 31651
146220 174 35332 31691
146230 215 35355 31716
146242 259 35384 31741
146250 302 35413 31766
146434 176 35524 31859
146446 217 35547 31878
146456 261 35570 31897
146466 304 35593 31916
146478 177 35623 31948
146488 218 35652 31973
146498 262 35681 31998
146508 305 35710 32023
146594 178 35816 32111
146608 179 35830 32121
146640 219 35867 32154
146660 220 35881 32164
146678 263 35924 32203
146692 264 35938 32213
146710 306 35975 32246
146728 307 35989 32256
146960 180 36080 32332
146980 221 36107 32356
147052 265 36135 32380
147108 308 36163 32404
147544 322 36543 32758
147736 323 36607 32812
147894 324 36666 32854
147964 325 36692 32867
148046 326 36708 32875
148110 327 36741 32900
148184 328 36778 32929
148264 329 36849 32992
148270 331 36879 33018
148282 333 36910 33045
148300 335 36941 33072
148394 330 37011 33144
148472 332 37043 33167
148536 334 37074 33190
148602 336 37117 33220
148674 337 37135 33230
148938 338 37250 33329
149136 339 37334 33402
149168 340 37357 33416
149242 341 37375 33426
149312 342 37436 33484
149402 343 37463 33498
149476 344 37481 33508
149548 345 37514 33533
149638 346 37536 33547
149730 347 37554 33557
149822 348 37570 33565
149978 349 37582 33583
150048 350 37616 33609
150138 351 37632 33617
150508 352 37752 33713
150514 353 37796 33753
150582 356 37814 33763
150650 355 37862 33803
150678 357 37893 33830
150704 359 37923 33856
150724 360 37962 33887
150780 361 37978 33895
150848 362 37994 33903
150938 363 38037 33938
150946 364 38068 33965
150980 365 38099 33992
151020 366 38130 34019
151398 371 38425 34294
151420 372 38447 34312
151498 373 38463 34320
151566 374 38491 34340
151622 375 38509 34350
151722 376 38587 34420
151808 377 38603 34428
151904 378 38645 34466
151954 379 38675 34492
151982 380 38705 34518
152030 381 38739 34544
152056 382 38776 34577
152070 383 38788 34585
152116 384 38815 34604
152192 385 38833 34614
152266 386 38849 34622
152316 387 38861 34636
152322 398 39009 34774
152330 399 39073 34834
152388 401 39099 34852
152452 403 39125 34870
152510 405 39151 34888
152572 400 39182 34911
152626 402 39208 34929
152692 404 39234 34947
152750 406 39260 34965
152806 407 39280 34977
152894 408 39352 35045
152916 409 39382 35071
152932 410 39412 35097
152954 411 39443 35124
153016 412 39484 35157
153066 413 39500 35165
153138 414 39516 35173
153348 415 39569 35215
153440 416 39590 35223
153514 417 39606 35236
153798 418 39688 35299
154034 419 39836 35429
154098 420 39858 35452
154126 421 39885 35475
154168 422 39924 35505
154234 423 39942 35515
154296 424 39981 35546
154362 425 40007 35569
154438 426 40028 35577
154526 427 40044 35585
154538 428 40077 35619
154574 429 40098 35627
154726 430 40181 35700
154792 431 40232 35743
154852 432 40254 35751
155110 433 40308 35794
155166 434 40329 35802
155320 435 40374 35844
